45
0 0 0 0 0 0 0 0 0 0 0
0 0 0 0 0 0 0 0 -10.2501 0 0
0 0 0 0 0 0 0 0 -22.5004 0 0
0 0 0 0 0 0 0 0 -35.2901 0 0
0 0 0 0 0 0 0 0 -45.5584 0 0
0 0 0 0 0 0 0 0 -55.1567 0 0
0 0 0 0 0 0 0 0 -61.8956 0 0
0 0 0 0 0 0 0 0 -61.8956 0 0
0 0 0 0 0 0 0 0 -61.8956 0 0
0 0 0 0 0 0 0 0 -61.8956 0 0
0 0 0 0 0 0 0 0 -47.868 0 0
0 0 0 0 0 0 0 0 -38.4895 0 0
0 0 0 0 0 0 0 0 -29.6806 0 0
0 0 0 0 0 0 0 0 -22.7004 0 0
0 0 0 0 0 0 0 0 -9.08011 0 0
0 0 0 0 0 0 0 0 -3.36 0 0
0 0 0 0 0 -10.6501 -13.3002 0 7.95995 -13.4002 0
0 -0.0197 0 0 0 -13.5702 -17.2903 0 14.1201 -23.1404 0
0 -0.0369001 0 0 0 -19.2703 -29.6806 0 19.7002 -29.3806 0
0 -0.0562004 0 0 0 -25.4105 -33.0505 0 24.1703 -36.4399 0
0 -0.0692006 0 0 0 -28.6906 -34.8902 0 27.9904 -38.7295 0
0 -0.0692 0 0 0 -28.69 -34.8911 16.4603 27.9904 -38.7288 0
0 -0.0692 0 0 0 -28.69 -34.8911 -17.0603 27.9904 -38.7288 0
0 -0.0692 0 0 0 -28.69 -34.8911 9.41012 27.9904 -38.7288 0
0 -0.0692 0 0 0 -28.69 -34.8911 -13.4602 27.9904 -38.7288 0
0 -0.0692 0 0 0 -28.69 -34.8911 -16.4703 27.9904 -38.7288 0
0 -0.0692 0 0 0 -28.69 -34.8911 15.7803 27.9904 -38.7288 0
0 -0.0692 0 0 0 -28.69 -34.8911 -15.6003 27.9904 -38.7288 0
0 -0.0493997 0 0 0 -1.43827 -34.8911 -15.6 -1.26016 -38.7288 -15.8703
0 -0.0493997 0 0 0 4.39173 -28.6915 -15.6 -9.47028 -22.1097 -32.7805
0 -0.0264994 0 0 0 12.9119 -19.9713 -15.6 -17.9805 -15.8995 -53.727
0 -0.0849003 0 0 0 12.9119 -19.9713 -15.6 -17.9805 -15.8995 -62.3355
0 -0.165802 0 0 0 19.1021 -14.2612 -15.6 -18.4305 -15.8995 -71.8169
0 -0.254702 0 0 0 19.1021 -14.2612 -15.6 -18.4305 -11.4994 -92.3613
0 -0.2695 0 0 0 19.1021 -10.7911 -15.6 -18.4305 -7.48935 -94.3117
0 -0.269506 0 0 0 3.97287 -10.7906 -15.6 -6.90017 -2.93864 -97.521
0 -0.269506 0 0 0 3.97287 -10.7906 3.40028 -6.90017 -2.93864 -97.521
0 -0.269506 0 0 0 3.97287 -10.7906 -55.8064 -6.90017 -2.93864 -97.521
0 -0.269506 0 0 0 3.97287 -10.7906 5.59032 -6.90017 -2.93864 -97.521
0 -0.269506 0 0 12.4402 3.97287 -10.7906 5.59032 -6.90017 -2.93864 -97.521
0 -0.269506 0 0 12.4402 3.97287 -10.7906 -27.9403 -6.90017 -2.93864 -97.521
0 -0.269506 0 0 12.4402 3.97287 -10.7906 8.84039 -6.90017 -2.93864 -97.521
0 -0.269506 0 0 12.4402 3.97287 -10.7906 -29.2103 -6.90017 -2.93864 -97.521
0 -0.269506 0 0 12.4402 10.683 -10.7906 11.9105 3.48989 -2.93864 -97.521
0 -0.269506 0 0 12.4402 10.683 -10.7906 -22.6301 3.48989 -2.93864 -97.521
